Plane=-17.449168 -13.788961 -25.491535 -0.003595 0.012647 -0.000045 0.999914
GPS.Origin=112.780393 27.082665 0.000000
Camera.CameraType=PinHole
Camera.Paraments=[2000, 1500, 1333.333, 1000.000, 1000.000, 750.000]
TrajectoryFile=$(Svar.ParsingPath)/trajectory.txt